1	0	0	1	0	-7.5478	-0.1991	1
2	0	-2.36012	1	0	-9.5423	-2.7463	1
3	0	0	1	0	9.18985	-0.8855	1
4	0	-3.166735537	1	0	-2.2598	-1.8285	1
5	0	-3	1	0	0.45219	-0.338	1
6	0	0	1	0	-11.113	-20.124	1
7	0	-6.55	1	0	-6.0161	1.39155	1
8	0	0	1	0	-5.676	-0.9168	1
9	0	0	1	0	-4	-0.3253	1
10	0	0	1	0	-13.57	0.38984	1
11	0	0	1	0	-13.356	-0.4294	1
12	0	0	1	0	6.42053	-0.9644	1
13	0	-1.091475	1	0	-2.3196	-0.0941	1
14	0	0	1	0	8.9699	-1.2389	1
15	0	0	1	0	6.32484	-0.6061	1
16	0	0	1	0	0	0	1.00091
17	0	-6.56	1	0	0.39883	-1.3242	1
18	0	-2.4	1	0	-6.0313	0.14152	1
19	0	0	1	0	-3.2281	-0.2862	1
20	0	0	1	0	1.18753	-0.4538	1
21	0	0	1	0	-0.6233	1.48644	1
22	0	0	1	0	-8.9093	-1.627	1
23	0	0	1	0	-15.461	0.18413	1
24	0	0	1	0	0	0	1
25	0	0	1	0	0.00646	-0.4704	1
26	0	0	1	0	-0.0253	-0.582	1
27	0	0	1	0	-6.4372	1.23272	1
28	0	-1.64	1	0	0.36992	-2.3331	1
29	0	0	1	0	-21.346	0.85957	1
30	0	0	1	0	1.90602	-0.8852	1
31	0	0	1	0	1.75924	-0.778	1
32	0	0	1	0	3.05935	-0.2043	1
33	0	0	1	0	-15.741	-1.6528	1
34	0	0	1	0	-18.478	1.42399	1
35	0	0	1	0	-4.1836	-1.0892	1
36	0	0	1	0	15.265	-0.6583	1
37	0	0	1	0	22.9062	-1.1028	1
38	0	-2.18677686	1	0	-14.78	-10.561	1
39	0	0	1	0	5.11242	-0.9239	1
40	0	0	1	0	-8.2443	-0.4788	1
41	0	0	1	0	-3.0043	-1.5242	1
42	0	-3.27	1	0	-2.9836	0.62108	1
43	0	0	1	0	-5.7178	1.29479	1
44	0	0	1	0	14.397	-1.0857	1
45	0	0	1	0	-8.0554	-9.9609	1
46	0	0	1	0	-17.727	1.36475	1
47	0	0	1	0	4.44752	-0.744	1
48	0	0	1	0	28.9654	-3.2571	1
49	0	-3.81338843	1	0	-1.0239	-0.5041	1
50	0	-2.4	1	0	-0.198	-3.7205	1
51	0	-4.92	1	0	-18.4	2.28348	1
52	0	-1.6317	1	0	-10.246	-0.421	1
53	0	-1.37	1	0	3.52316	-1.2144	1
54	0	0	1	0	-20.681	-18.706	1
55	0	-2.65	1	0	-0.8562	0.79558	1
56	0	0	1	0	-8.3721	-2.7762	1
57	0	0	1	0	3.5304	-1.3635	1
58	0	0	1	0	3.70466	-0.8997	1
59	0	-5.45	1	0	-1.8819	-2.3202	1
60	0	0	1	0	-21.876	1.15115	1
61	0	-3.27295	1	0	0.42386	1.99639	1
62	0	0	1	0	14.5484	-1.2696	1
63	0	-3.81	1	0	-6.4209	0.28287	1
64	0	0	1	0	5.74786	-0.8661	1
65	0	0	1	0	4.60174	-0.4627	1
66	0	-1.356075	1	0	-10.814	-1.1548	1
67	0	0	1	0	0	0	1.00546
68	0	-2.32	1	0	-6.2111	-0.0338	1
69	0	0	1	0	-4.9252	-1.5104	1
70	0	-1.64	1	0	-4.3505	-0.2683	1
71	0	0	1	0	-2.5155	-0.5659	1
72	0	0	1	0	-11.266	-0.2935	1
73	0	-3.78	1	0	-5.6423	-0.8377	1
74	0	0	1	0	-13.866	0.62337	1
75	0	0	1	0	0	0	0.99999
76	0	-1.2	1	0	-4.1625	-0.5866	1
77	0	0	1	0	-17.161	-0.7281	1
78	0	0	1	0	17.7209	-2.1771	1
79	0	0	1	0	-3.873	-0.8352	1
80	0	0	1	0	-6.9642	1.70527	1
81	0	-2.82	1	0	-2.8989	0.52428	1
82	0	-1.37	1	0	-1.932	0.97294	1
83	0	0	1	0	-16.882	-0.4974	1
84	0	-3.826859504	1	0	2.6833	1.72395	1
85	0	0	1	0	0	0	1.00994
86	0	0	1	0	-5.9786	-0.2209	1
87	0	0	1	0	-15.428	-0.1127	1
88	0	-1.18	1	0	0.46523	-0.7427	1
89	0	0	1	0	-1.8528	-1.958	1
90	0	0	1	0	-5.4547	-3.1003	1
91	0	-4.23	1	0	-3.3771	0.68312	1
92	0	0	1	0	-4.5848	-2.4005	1
93	0	-1.23	1	0	-3.3746	1.70353	1
94	0	0	1	0	1.23729	-0.7067	1
95	0	-1.5	1	0	-11.852	1.14519	1
96	0	0	1	0	-10.356	1.64052	1
97	0	0	1	0	4.89113	-0.9466	1
98	0	0	1	0	10.5623	-0.814	1
99	0	-3.2634	1	0	-5.2799	-0.5041	1
100	0	0	1	0	-8.3125	0.60924	1
101	0	-6.550165289	1	0	2.94617	-0.7386	1
102	0	-4.18	1	0	-3.2622	-0.2062	1
103	0	0	1	0	4.87373	-0.3146	1
104	0	0	1	0	7.11416	-0.6473	1
105	0	0	1	0	5.30193	-0.7331	1
106	0	0	1	0	-1.9208	-3.8432	1
107	0	0	1	0	-4.1079	-2.6367	1
108	0	-4.36	1	0	-3.1847	2.12083	1
109	0	0	1	0	9.63725	-2.0293	1
110	0	0	1	0	18.5231	-2.0086	1
111	0	0	1	0	-19.496	0.21335	1
112	0	0	1	0	0.00329	-0.3898	1
113	0	0	1	0	-0.0037	-0.0935	1
114	0	0	1	0	3.04262	-0.606	1
115	0	0	1	0	7.11176	-1.9992	1
116	0	0	1	0	-11.08	-0.2884	1
117	0	-3.81	1	0	5.54668	-1.9535	1
118	0	-4.62	1	0	2.7161	0.06256	1
119	0	0	1	0	2.10082	-0.7248	1
120	0	0	1	0	9.05844	-1.1054	1
121	0	0	1	0	9.74173	-1.181	1
122	0	0	1	0	0	0	1.00096
123	0	-1.5	1	0	50.886	0.24535	1
124	0	2.6	1	0	0.10739	-0.0668	1.00097
125	0	12.04	1	0	3.94976	-13.855	1
126	0	33.06	1	0	57.2569	0.00561	1.02291
127	0	13.5	1	0	25.5016	0	1.00277
128	0	9.8	1	0	-21.891	-10.227	1
129	0	9.8	1	0	0	0	1.00016
130	0	0	1	0	0.83061	-0.2034	1
131	0	0	1	0	5.96505	-0.3533	1
132	0	0	1	0	11.6681	-0.5577	1
133	0	0	1	0	0	0	0.99998
134	0	-2.4	1	0	20.4596	-0.1429	1
135	0	0	1	0	3.17889	-0.5479	1
136	0	0	1	0	16.2531	-1.8933	1
137	0	0	1	0	15.6451	-1.6769	1
138	0	0	1	0	-26.304	-0.2301	1
139	0	0	1	0	0	0	1.00092
140	0	-3.28	1	0	0	0	1.00135
141	0	-3.28	1	0	0	0	1.00135
142	0	19.29375	1	0	31.2685	-22.528	1
143	0	9.08	1	0	11.9591	-9.2819	1
144	0	-2.53575	1	0	0	0	0.99772
145	0	-1.09	1	0	-1.9281	-0.7663	1
146	0	-3.006818182	1	0	-5.5552	0.78627	1
147	0	0	1	0	-1.1209	-0.3572	1
148	0	-1.5	1	0	-2.1938	-0.4583	1
149	0	0	1	0	25.4368	10.354	0.99666
150	0	16.8	1	0	23.2852	-18.898	1
151	0	11	1	0	22.1395	-13.549	1
152	0	0	1	0	-1.6933	-0.3102	1
153	0	0	1	0	4.16491	-1.2171	1
154	0	-1.080165289	1	0	4.80601	-3.2475	1
155	0	0	1	0	-0.397	-0.8227	1
156	0	0	1	0	-2.4725	-0.889	1
157	0	0	1	0	-7.2582	-1.0265	1
158	0	-2.4	1	0	-5.5214	-0.4636	1
159	0	0	1	0	-17.613	-0.784	1
160	0	0	1	0	1.53663	-1.7403	1
161	0	-1.2	1	0	-2.9993	0.46408	1
162	0	0	1	0	0	0	1.00018
163	0	20.43	1	0	21.7842	-21.297	1
164	0	-1	1	0	-1.7725	-1.6038	1
165	0	0	1	0	-11.031	-0.4634	1
166	0	-1.48	1	0	12.189	-0.782	1
167	0	0	1	0	3.18371	-0.5601	1
168	0	-1.64	1	0	7.61401	-0.0297	1
169	0	0	1	0	11.7329	6.44767	0.98872
170	0	0	1	0	-7.3797	-0.4011	1
171	0	0	1	0	-6.8785	-0.1906	1
172	0	0	1	0	-4.742	-1.2673	1
173	0	0	1	0	-10.093	0.4158	1
174	0	0	1	0	8.57897	-1.0929	1
175	0	-1.2	1	0	3.07391	0.09526	1
176	0	0	1	0	0	0	1.01097
177	0	0	1	0	-0.0288	-0.0003	1.00071
178	0	0	1	0	0.12043	-0.0406	1
179	0	0	1	0	0.22266	-0.05	1
180	0	0	1	0	-9.2536	0.39944	1
181	0	0	1	0	12.8341	-1.2318	1
182	0	0	1	0	2.07429	-1.226	1
183	0	0	1	0	0	0	1.00411
184	0	0	1	0	0	0	1.00412
185	0	-2.18	1	0	0	0	1.00002
186	0	0	1	0	2.92429	-0.6387	1
187	0	0	1	0	3.74234	-0.6312	1
188	0	0	1	0	0	0	1.00242